1000
700844 500503
946716 851834
219268 -67815
906603 229468
850230 -606051
597317 -238927
603644 -576878
466529 -438393
558522 -118613
352723 -232866
261090 22516
980288 -204139
929342 371737
765850 679158
700956 198927
180926 23097
396383 -174479
171375 47276
640886 631346
218092 -48465
46903 -12264
169785 78848
521218 -289137
784757 -534175
504115 288066
733879 -692114
623904 341579
543118 120693
12073 2622
528467 134519
829555 -783897
374769 -261968
194722 -181741
558922 -223569
163211 12178
800580 455409
496847 -202680
861046 -13130
761633 -493824
66358 -58425
938363 859855
847781 -318767
177919 17358
585703 273486
291233 199071
634890 448158
462507 307090
751592 553805
700434 636986
226357 -131304
608590 -245070
42864 -36741
565930 472441
501805 143373
820512 121485
114584 11110
10627 2725
787784 -476152
15947 -4190
760825 -507217
958705 639137
651589 618720
290689 193793
358638 238370
936670 135758
972885 -204818
236967 94787
697398 119324
742529 -347567
366482 -178855
731962 -27903
420467 -6172
821901 -331197
119160 88038
956191 -470184
116462 -91839
324973 -201516
749497 -708300
436166 168091
981156 677367
78076 42339
853920 508085
229048 86667
641512 -256605
288418 -148302
566577 388626
585190 -178493
139982 -35910
249829 -171365
894410 576061
449648 233086
706864 -281351
311210 308414
399196 77892
492662 -381106
480523 -320349
62501 -6831
103718 -85836
235994 -23582
882480 -339922
821369 -60284
705423 426044
948228 -876404
994517 936580
745265 -504315
113991 65138
415731 -355666
205318 196060
218546 182385
501344 138613
955509 521187
803918 -592361
626653 -133509
628505 290836
776931 253419
802643 11288
580573 -151671
24034 -2289
981991 -584334
888192 464880
668933 478660
26408 -7419
616049 181800
375438 -75757
235240 -82839
942931 -734605
117957 -81595
367319 -85811
522318 272514
615375 -554695
669718 -67969
843213 -653128
889505 -547388
867323 229408
711220 -400997
864795 465087
955531 752843
50595 -22079
672132 -97175
115970 85375
455510 -20205
75628 -50038
547632 76785
630654 298318
267028 169104
931097 -770426
769538 -455947
945859 -630573
111644 -20299
459826 394137
142048 103308
17201 -10991
205886 -67492
942261 688833
611003 292202
317539 -279290
432544 302328
907005 -102690
364061 157916
682449 -528348
520231 342382
131632 87755
526379 -433489
455333 55370
145880 144831
883184 -642316
812257 216602
945187 230750
377916 238049
567677 174670
297547 119019
932181 373862
198660 141370
294612 117845
198590 -130248
913685 702835
93155 -8292
716486 -629111
937068 -573195
702933 414846
198365 -132038
454555 173164
446321 157853
712908 -40299
798985 -208431
758977 437475
874758 -39683
621752 193135
181125 -109027
260528 168709
538656 135361
271235 -219556
331747 328020
413605 -133296
550353 -417990
990698 720508
942235 807765
199673 140946
887164 591443
556758 -196503
70567 -62236
472786 123861
514724 163925
153336 -101849
277133 30804
593416 448828
249600 -167006
22687 -10956
957247 255266
739170 -495002
123016 -82011
547438 478186
860110 258216
604918 193899
570234 -388872
930624 -154441
959979 -780914
597018 124969
165025 -11106
514043 -333812
703876 -469251
742677 297071
432116 -306993
792778 704692
899934 -409240
253169 22178
214147 34860
343714 -212602
963406 -550518
402453 -290686
555907 444726
640908 -609195
523950 -405861
764760 116231
891006 862686
697705 -328332
736211 40920
903686 -458447
867092 -781685
861403 -424091
166754 -164230
239943 94404
281472 -277082
769056 664516
46753 1698
539257 -184005
514249 85194
339174 -179786
724117 234725
996230 -678650
195357 -168308
871813 -801679
385090 -22797
490285 53217
46030 35208
922869 350099
959114 642413
620480 520521
760723 272688
34184 9767
722030 246547
312176 -296423
333864 -71406
93682 -62455
471207 -312241
494935 -351186
882283 308099
393981 -61732
470837 -170610
367458 324833
434260 -369170
681470 552007
607154 122968
170374 -58248
678498 117676
895644 719080
314116 -154842
219337 81886
220788 108882
594980 -22222
541221 -362440
664184 -250222
204561 143050
483925 -268398
544519 175317
69589 46393
485290 -198653
793222 528815
516061 316476
191109 53720
258368 238494
200709 66309
223389 66221
370512 -291740
115422 99752
899239 -269604
924878 151021
239641 -210129
725097 685090
227463 -126687
272323 -246981
84175 78822
466422 160238
799766 198235
407828 335268
74164 22155
643361 -378929
294458 -126292
622980 319402
934585 147423
737383 -498967
818943 674860
559169 173919
215185 -186033
36054 27408
158863 105909
938086 13140
73740 -52390
621666 -136630
340229 -61958
477592 -179046
870571 423249
782379 -766353
149979 -52998
923946 890595
348595 226644
429514 19947
234047 187238
193707 -158975
977692 529434
610475 123182
16757 -6703
725313 -349401
848904 181537
119109 65621
925770 603382
16753 -15579
57366 -40494
492175 -63990
209482 139655
746414 253047
994169 -602269
485592 -102230
153396 -6365
254105 -118943
171372 -11479
679050 -236323
289954 -35146
243713 -154757
487064 -369746
789604 30852
484094 386209
405988 -129064
501740 -67117
832204 -198034
11026 5145
774241 -472770
493281 -52366
430226 -425125
994207 140595
506319 30209
506123 -373641
329223 193208
18106 12071
233790 -152738
896754 550339
538578 536424
179794 119863
825567 -394570
174202 52885
630398 -153532
31705 7486
750509 29279
489141 -359785
563459 -107548
403439 180109
155486 -119223
539838 -531942
345647 -284250
331363 -50979
323872 -203175
135144 130785
980308 -653539
978744 -43301
733193 -459771
109164 -10016
163945 8730
379107 -332585
587933 213794
190832 8060
783610 522407
482330 372228
818935 418263
560977 -148010
604834 552500
932857 -621905
759656 595319
771726 169827
422268 308936
442627 -77550
654986 187139
108838 -5445
901113 159691
613096 -317492
170669 136532
688307 550646
897874 689154
603083 171955
902588 328214
458928 172368
245755 206625
919584 -854974
59937 18221
122019 83877
847289 -765637
882374 861105
234936 200147
694646 -530940
696747 414255
910356 -555994
217294 144863
986151 503119
859426 283713
593658 -313399
885853 168734
159669 121403
97086 27739
79355 -42581
618779 -571094
749972 122030
922555 -499098
646430 -568256
850595 -417302
591444 331500
522296 -319421
753198 624574
175269 50077
389767 -377280
463488 383445
739209 248706
87378 -63548
477282 -190913
783676 -292356
839250 632379
569061 487767
575120 -31027
799143 -286726
544162 383505
473107 315405
919877 -293991
600883 390354
531828 72303
231014 180304
410189 117197
829837 663870
272619 2525
523106 383117
485254 323503
648956 169293
183482 166556
24212 21125
771725 177973
594914 -458409
770079 -598907
631568 489518
972154 414579
178885 158038
384019 256013
156796 -119464
972147 -777718
622942 415295
568580 -500112
211210 140807
920951 334055
842430 -396667
651358 -484120
961653 923026
856776 81734
884664 435904
715634 406392
451004 -255549
836746 -91025
730189 -320292
597129 292633
80925 -21111
848568 -803907
624013 277761
840726 662936
10625 -6725
542050 43752
648196 267589
516337 245875
121566 -47230
633083 77707
219836 33332
573598 26679
81608 -30923
777607 -136222
512443 456069
719888 145429
889066 -310901
825644 455528
228532 -174120
940774 627183
632361 614145
327514 -218343
389814 -6031
301990 124520
932604 846782
48937 37875
753879 548276
12843 -4533
327394 -190503
557803 -449481
127471 -4446
762914 -717322
950632 507525
88052 29304
237652 -169480
551704 240642
526221 -50953
209082 -83633
827780 562266
894385 596257
970113 -964780
543216 17830
585920 532655
272991 238007
448732 -23028
776770 -489978
647271 -16401
254812 -138375
716595 -698399
373196 133031
636336 -230468
744844 438759
983737 -655825
807965 759886
575327 -460262
270136 -109201
718113 -662874
219150 27278
792991 272538
363193 64065
736886 635873
726396 -222221
495481 -330321
904734 -120695
655182 -532315
417048 -379532
715564 607108
205671 58623
264981 30457
431972 -423033
425775 16067
965139 378534
27081 -19547
408688 -82027
437010 -257065
541808 -453351
253004 46772
881729 516100
982965 -885360
198170 164230
575256 -478013
679308 545486
878218 722506
948639 426871
684692 -493370
697014 -317863
941947 719973
680609 -425509
60164 -33583
738079 -492053
267572 76555
34239 13254
981380 539284
554112 -171375
808367 -511625
952512 297021
909715 271869
769399 161466
766290 -346742
345262 148500
652062 312990
33953 33027
476672 432435
551299 -322564
84781 -55958
42154 -13067
11358 -1800
404630 -400582
805823 98174
269144 -56662
562957 -54117
927307 794835
205193 -33794
866487 -677225
535130 55149
956590 732591
619728 43959
847550 321698
444142 296095
897711 -139426
850762 567175
634438 -358737
610967 146113
514984 23634
117890 -36274
536673 188823
929263 -427866
436314 325556
925278 -667414
692197 -261353
917034 437277
472076 127659
714297 270725
169278 -118291
427414 -408576
793993 -748323
228537 73461
491916 -347742
968474 -830121
51266 -50475
318227 127291
786950 710794
660583 -440389
881342 844400
690999 458625
674416 -162510
186398 57821
523557 393484
836633 85207
170028 96915
137749 61080
893306 -372138
532717 30441
797984 602231
995584 944490
708576 -180899
62135 -35883
544053 141220
975129 327898
618389 -107546
528046 419916
646597 177025
810840 209304
720317 205805
691322 -60115
52829 7296
162407 -33400
789192 335800
362673 259109
989322 -221961
605429 247871
490483 326989
270574 7413
535775 423672
611716 -255363
475272 -87402
339007 236436
788379 -275724
37291 -18858
529379 -483000
925054 -146622
947840 281738
998575 -153627
509712 -259490
444308 -20967
900551 -670944
923693 -789728
413850 -162863
557462 -359975
764038 -219953
599253 -573413
436066 -239190
346227 299440
349495 -216315
842871 279257
237569 -221424
179737 -129411
418046 324454
474560 342089
397267 125895
568721 67784
23088 -11453
39456 10074
568517 255775
770472 44027
586194 -151276
702831 401618
256925 39560
309934 -136592
971262 699309
118847 -50315
836673 106080
529431 226777
381413 -218175
987955 -53403
650158 -163377
345476 83742
358883 -221371
143808 68933
587191 249165
711375 510697
316032 3045
511238 399562
692243 -212998
478002 -452360
409600 88731
289408 -2664
20462 -1637
439215 -322360
678552 -172160
524795 470906
961280 -844943
563670 -502924
350581 311628
930650 -492570
432659 -353632
437308 -291539
398505 -343628
207563 87216
633594 47069
705213 -320511
280097 -224078
512909 -500531
985368 101764
17477 -10816
558135 496672
759463 -166583
157464 82118
565612 -226245
414346 312723
909330 456950
838894 -595664
419332 -372740
792018 103103
858212 604375
179970 37788
325962 -63101
810566 107586
594688 -88102
923994 -797511
160716 137757
606917 -583870
59882 38542
439610 152908
710266 502598
609376 -313155
506248 278889
932846 -426344
70751 -44089
906168 147463
923803 347778
571589 -535164
922668 -283898
467624 238280
352537 235025
752452 -704640
622257 497806
740514 -303544
567100 -280101
168705 -122235
203120 -172552
903580 893686
139483 -90252
277807 266821
71347 47565
574142 367845
938463 -543244
210954 -197827
47849 -25658
141989 4804
540971 -203580
158014 116655
501603 82879
818972 -153456
67116 -21051
198988 -163224
727047 586421
844101 -133265
764871 432689
118904 -21619
73902 -43050
149231 -75722
235592 -155155
952518 -450475
297684 100910
263368 175579
574493 362838
718485 -551833
144904 96603
505355 156439
232798 20119
33291 5995
185516 -130858
762328 -412729
450986 334201
62794 10398
301183 -22626
593087 -437685
861984 -426725
578303 -432832
47847 -19139
692613 -661569
563414 436229
74045 -62556
111191 -51554
86202 -27429
745408 -558579
583892 178900
238399 -73865
884694 -676577
53272 13630
896376 871884
363918 257175
626230 224694
826094 -214613
964945 757299
259969 107289
682740 -665963
465866 -418743
830897 327125
841682 -111085
751355 644019
807306 474222
984164 925427
157421 112256
531791 356238
587989 145431
465888 296744
570157 -255856
388535 179476
934982 748829
562057 -355375
776519 456319
920647 -94616
15183 4793
464853 336881
267228 229053
874406 -756217
931696 -420495
467090 -404347
873732 349493
54711 -3062
120347 97995
801494 -344947
266969 -129066
817431 -139955
930933 -81469
874402 -803505
792518 500538
29818 -19879
953112 648851
251419 -111742
403850 301725
909494 23850
971519 -183456
501057 -474395
627369 -430249
917515 611677
804720 -417675
409120 -168873
235746 23551
209740 -194877
941097 537770
917468 722742
72394 54609
371123 11671
926419 478152
575833 325611
921981 -175996
489277 -455000
160315 23464
521771 -64893
648364 150942
151315 57644
529226 207426
767440 -511627
488609 448117
717817 -287127
808118 -679406
812473 652652
775562 -248180
825071 441083
540179 154337
273983 182937
302206 -21645
253709 -28547
753444 506031
371143 285495
38322 -12805
457661 -180125
333030 -30155
239092 -63758
535407 -73075
726510 199717
476270 290201
800696 350707
536409 239105
823101 419754
889972 746715
915292 -718630
664097 -326480
263641 -254901
22766 5969
604211 -64662
639306 -547977
64883 -60744
375437 215814
696436 -638883
859718 -166242
228159 -85225
32658 10535
199964 -46095
863985 -262779
639984 71522
386958 300326
369700 201773
684772 56985
207688 120564
561012 -161320
263455 78561
872633 612949
624297 572250
551828 -129842
587793 503823
876829 714096
186909 128083
818719 468165
599553 469042
679252 -343530
852524 200594
481234 238752
612862 -207825
25277 13834
233141 -69762
588181 420039
683583 -618895
155200 -78981
90063 16762
855741 -739947
508278 443508
77430 -75804
561225 182325
410704 -278238
58621 36540
627297 -232684
898060 -361665
506177 24090
690173 -684905
485602 98985
350123 -95346
164917 138159
683824 614451
623582 -498866
984410 579065
359796 -308397
607293 35970
846265 608667
358825 -173976
603322 -489187
225156 -163302
484106 -50081
453349 302233
825093 530178
285355 -190237
740054 538297
769003 716940
582671 -363547
496650 -43187
597963 321227
311615 270970
894363 -876977
749566 578720
433727 -300740
245701 69234
197207 -56345
479421 -86589
835826 616478
573852 -182286
578258 470704
222154 218599
502835 -47833
409248 -336519
562099 362241
593856 486196
386264 294877
321743 -96850
784823 -80570
865814 -125178
663297 -156070
169654 5369
370107 179830
921162 -515851
853368 -430291
744198 -591281
537571 -120294
511946 436943