1000
3443 6239 4243
1556 1885 7561
3197 5929 7261
7839 463 8032
6481 7191 3175
2521 3778 3551
9787 6053 4821
2757 8665 892
1973 3702 3169
8645 3831 619
9017 6587 1730
4893 1700 6833
7220 2281 8429
9529 5855 567
3119 3809 8975
5762 6085 5357
9503 6127 8001
2133 7229 5093
6229 8729 7248
9421 9593 5863
4073 7841 8235
4025 1761 2906
7029 6004 2317
9553 5463 7484
2893 4618 399
847 7881 445
2521 5253 7799
1331 6431 7208
2539 1247 1559
9585 9739 8443
9949 2210 2101
3128 779 9009
6289 9531 9664
8005 6449 3037
1867 2761 4998
2251 2389 9498
3959 4821 8776
827 2479 7487
7097 6745 8826
3959 6198 1319
7575 3442 2821
6953 1063 2134
3530 6921 7927
1249 4616 8971
1895 3036 4379
1986 6677 6425
5337 7045 7889
7807 2333 4962
5900 1699 1179
4556 6439 5473
8761 8423 1758
7627 7885 6849
4827 2995 4091
3283 6821 4091
9733 8038 3931
3257 1388 3093
5203 7174 7333
7349 1501 6088
4959 1543 7591
9971 6385 1421
1007 3193 8017
7158 9779 8149
6659 9847 5818
533 9727 4427
7838 9775 2341
3301 7604 8837
1525 6301 207
9482 6471 721
5111 878 7249
550 9347 8027
2299 732 9247
1612 8423 6363
689 3365 9861
2073 1901 836
6571 7781 8807
6743 3559 2833
4113 4288 9985
2478 1825 2239
4631 1549 7302
1861 5429 4365
8621 5460 1691
1391 2155 3923
7595 3557 3902
1027 5587 8610
841 9341 9879
193 3328 9999
6025 411 1387
7280 5431 9207
1014 4361 3629
8336 7953 4709
2551 3801 2473
6557 3161 5253
1517 4084 9037
2694 5609 6301
7139 9320 173
7771 4836 7301
5995 9917 6869
4049 6332 9601
2917 9643 1495
4147 7665 1181
3767 3787 6283
375 3832 709
1916 661 5167
2336 8621 4285
1364 3629 4409
2541 6920 3407
4188 9737 7229
6673 3399 7822
9778 365 5653
9033 4567 5137
5039 1645 806
7031 4813 5763
2875 6404 4557
1388 9257 2057
7291 4285 9716
6962 2889 895
2020 9823 8453
1002 8351 2459
5867 4508 9099
7893 1499 5602
2561 8027 7294
3991 6321 6217
8777 4985 4997
9605 8766 4547
9358 2721 9137
8833 1669 6603
9269 5276 4827
4865 179 9789
6165 7939 7742
3407 8791 7426
7683 6997 8329
5519 1621 8382
3626 2269 1849
8174 3139 2751
7985 1909 9387
4073 2746 2859
4513 8120 1949
2611 2207 435
8941 2684 6041
2891 8208 6283
5159 5085 8548
6793 4267 9790
9466 3235 721
6297 3164 9439
937 2479 2899
181 4967 5672
1717 115 1688
3043 8737 2293
9609 1730 1747
7409 1609 3164
1397 1139 6857
1042 8983 4701
9304 527 4521
7475 8036 5877
2097 1052 1633
9868 3275 759
8845 5559 5206
7762 3833 2445
6189 5774 9589
7053 5888 6341
6219 6593 2425
5577 4051 8462
3856 125 261
911 1205 2951
4543 2923 6792
649 5879 1469
5573 8789 1157
9942 9313 7691
1130 6529 7583
5713 4241 144
5239 6622 3987
6635 1869 1357
191 1310 9119
597 3343 2621
9763 5487 1480
6379 1975 9599
2621 8976 3523
6653 2239 3237
5399 2851 8837
5907 169 1645
8075 5059 2368
8663 7893 2578
8611 581 9059
5953 6985 1898
5561 7429 8828
6145 231 3646
961 8747 7374
5458 3155 7221
3985 4153 6828
1225 1303 3599
4772 1125 4411
6350 2439 8911
3133 9887 248
4429 8007 1550
2542 7757 683
9493 310 6453
8538 697 9065
622 4939 8313
7725 293 4553
1595 7153 3171
3681 6127 9506
9489 9487 5699
9460 3493 3417
8887 8345 3129
8136 2887 9001
8656 2447 6701
3198 9827 7763
537 6143 3835
6917 2587 9160
9927 7322 1963
9387 6841 3113
513 5747 5792
6650 9273 2923
8447 1953 1006
5500 3081 8297
5689 5551 2138
9960 6979 8963
4164 193 439
9152 3221 3031
8479 3320 8581
9877 8753 6418
591 3283 782
1031 1841 9944
2123 4344 4013
3463 7736 4373
2819 3941 3308
3104 9227 3375
2266 9885 8513
6437 7276 4717
1807 3867 190
5863 1036 389
2245 6057 4198
6753 1963 5698
3178 319 2155
5219 3589 842
6125 3093 8242
6827 617 6011
1685 4897 6636
5917 6325 1336
5891 4309 1244
9768 4799 2713
6367 246 8273
9217 9011 6086
2092 5281 5995
1669 7541 5232
1238 6881 9483
169 2007 781
9361 9296 6577
8257 4657 2652
1130 3087 7157
1597 2135 7878
7177 6738 1861
5903 5955 2222
1553 3184 293
5177 3555 1051
746 9703 9713
6199 9831 7060
7573 8762 6709
597 5809 1216
5457 9311 2767
4094 2905 6033
8930 2517 9133
3077 8552 8471
4479 9754 5035
8231 4593 8834
4294 3417 3691
7141 7041 9067
6117 7616 8623
7664 7915 7743
5545 9169 4487
6571 6051 3314
5311 4151 5610
755 7657 9098
6945 8947 121
4543 6081 1786
3212 3847 7883
2631 6091 748
9644 3727 5261
9991 3537 1415
8935 4534 5681
7572 7723 4987
1993 6722 829
9582 5315 4601
6387 7859 1081
791 5392 8875
4307 6675 2021
2951 2918 4425
9950 1441 3139
3391 7879 1912
2377 9423 2083
3503 4552 2337
8346 4231 2167
6993 6088 8285
8498 689 5023
4463 1129 1234
2597 1703 7626
4112 1361 6167
5762 4559 6787
2769 2663 3253
9331 9897 7205
9602 3587 1049
1636 5901 5855
2569 7906 9739
881 5378 793
1960 9389 6701
242 1273 7877
1930 2923 6027
3501 1619 3799
9579 1613 6320
9663 4655 4846
1703 5718 9167
6691 8470 6551
8721 6481 9226
7367 8072 5825
7119 1567 4280
188 4037 6901
9151 3339 6031
4321 5331 1391
8353 8121 7645
4773 1277 1951
5253 8747 7346
2355 6193 7688
3805 3841 7677
674 7149 5777
7645 6098 153
3539 761 3521
6694 5373 6739
7011 4574 9379
4313 3157 860
1010 6901 1799
7306 3671 7299
8891 1289 4024
4375 1387 9689
9401 6200 5251
3751 7451 565
7691 6083 3537
2569 3329 6383
5725 9349 5854
3939 5591 7861
1456 7963 7719
2715 1094 589
9493 5702 3429
5023 2180 6697
2216 1323 4691
7214 7705 6571
5504 4903 3947
667 7813 1524
4414 4243 349
4739 8520 913
3985 1459 4712
1732 2393 6533
8177 9686 3975
5783 5963 7064
4649 6485 3731
6208 9099 5699
8517 8173 4625
8615 9939 6766
1601 6969 7327
4919 7237 2527
8017 4325 4518
7377 7805 5266
6517 3067 2334
2923 7819 3876
9779 9315 1924
3825 5404 6491
9267 4418 9763
1637 3361 387
6343 229 9608
5819 1324 8189
1007 9232 4667
6922 3921 6437
8228 4623 1255
8299 2149 1745
7114 4157 4579
3401 7838 1167
1653 3223 9673
6992 3267 4751
3244 5807 4629
7807 401 2966
4649 8444 3935
1181 996 4483
1585 9274 2779
248 1485 5759
6279 3715 1186
4101 2095 6152
2548 4513 8943
1096 3211 5597
7546 1151 2749
6613 5473 5929
5331 613 6805
8129 745 221
4141 9777 9275
9916 4953 9485
1429 9087 4604
1675 877 1854
6193 6079 2776
7719 2788 2177
9073 4877 7535
9341 4166 6793
885 4813 5081
3721 9034 619
5948 1623 6619
221 6530 7493
7631 963 1520
2363 7703 9046
8542 6141 5801
9633 2879 7699
684 8351 6449
4607 7700 989
5056 1713 7555
2705 9808 7459
4739 547 3991
1129 1857 2803
7173 7519 6484
293 1133 1503
6731 1283 5219
6901 7820 8477
2826 4327 709
1625 4338 1897
2123 5468 2921
4219 9155 2427
7721 7288 4831
4291 6224 5249
6284 9523 7153
1525 4218 397
2749 1693 8172
7523 7499 1171
7930 1983 5851
3429 4003 2896
8324 6247 8453
3217 4222 5181
2973 3913 4936
271 6643 5332
2657 4430 4519
481 713 8374
8233 1017 685
1509 4934 1435
8542 8911 3663
3077 9263 5008
733 3953 2372
3938 9667 5991
8375 8398 3677
3271 1774 9479
8429 1116 4537
521 7261 9845
551 1818 3119
8647 767 3080
8354 5717 1523
3093 1036 6781
2657 1271 3536
9979 839 6000
6611 4552 9887
9882 281 5327
7213 6283 2913
8839 5944 3463
6739 1327 2782
8329 8232 2719
8399 8543 8216
2019 1337 6271
1433 9327 4927
3063 3923 3170
5639 5663 7367
5449 1638 6779
8549 7512 3191
5441 8802 6337
4885 7511 8101
9858 7105 6877
9967 5837 206
3161 4697 7262
5459 7903 9490
7301 4859 2216
7359 9319 4597
764 6559 1275
1777 8627 211
7173 3571 6220
8027 4307 5177
7371 6953 6277
4663 8297 1915
5601 7234 223
3945 6883 9608
2468 2125 1453
9767 6351 8623
8312 7951 7681
5759 4542 5143
271 4493 6513
2818 6155 2217
6317 4583 984
5657 5993 3102
2258 6179 801
9570 5443 3713
1915 2741 768
2895 3182 1639
6933 1450 6667
6161 2624 8935
6672 4877 307
5210 8263 2421
6544 9289 3289
9866 7739 4097
4777 3775 393
356 1387 4625
3519 6917 5272
6371 5963 6313
6271 4291 1508
9329 6721 1490
2479 6631 359
4069 3022 8997
6693 9043 2723
3548 6611 5955
5953 2446 921
6605 3041 2518
3309 6293 4523
6093 6971 3797
7333 2355 3884
121 7422 799
7629 9131 6953
6212 8363 2289
5941 5480 391
9535 8601 2527
8084 3539 5169
1934 5233 4531
4820 1131 4699
7478 5209 1261
4116 6707 1775
2294 1065 2129
1744 5215 5263
3136 4929 8999
9249 1114 2897
6601 1094 183
4797 3755 2726
8461 4726 9985
5244 3445 6683
2933 1013 8404
122 6073 4089
3499 2331 7220
3592 5815 6117
6667 3154 8943
4908 9953 2833
6581 3035 7044
4933 877 2530
5435 7543 2468
7879 4787 3810
9329 3987 5659
904 6593 387
7808 835 7199
4595 7511 5343
3371 5797 8638
9265 7894 6687
7298 7243 9705
6684 6745 2827
5981 5125 5118
8133 1415 824
8649 7423 3229
5563 4006 3843
3521 8871 1471
5401 7837 3659
4017 6091 2659
3764 6115 4457
6079 2353 3980
6011 2389 7262
8231 3800 4521
6592 8131 2043
7049 5177 1073
2452 9751 3629
5093 5516 5925
8677 4440 2063
3578 6467 1301
5607 6719 8905
4426 681 337
9039 4027 5564
8562 7499 6697
2399 6483 8495
895 3454 4951
4112 1617 611
9320 3117 1633
1535 7052 9469
8763 8909 262
5024 2223 2605
6495 6979 2494
1657 358 9301
3824 393 3929
7936 4217 4419
4057 1454 7315
3095 9017 724
1047 9301 2113
7345 5794 3697
1585 5914 5517
3428 7145 1979
9690 1889 481
6839 6317 3188
7649 6541 5112
4986 3469 6143
7817 313 2027
413 5627 2389
9401 7801 6549
9757 7709 5706
7309 9866 9767
6599 859 4144
4281 3905 157
9242 8731 6065
4597 863 9994
7043 7623 3095
4765 8281 6621
9526 1051 4619
3317 5201 1202
8471 6103 3489
4075 2207 6226
7313 919 5046
5064 8533 9715
6548 5881 6401
4979 9131 6441
2741 702 665
1242 3283 7279
4670 2999 7993
9661 8026 9953
8199 3089 3560
4799 8873 966
3461 1995 2531
8101 5843 599
5829 9007 1406
5737 4647 9481
9196 8269 4483
7796 4103 289
863 868 6373
2925 5597 7924
9775 6849 6122
9301 8939 691
2873 2857 9119
867 9260 3101
7148 8293 2485
6311 6158 6771
3984 7963 941
3768 8677 6215
5685 2017 6196
7599 997 7675
4227 4921 2419
5075 3162 8447
6053 4248 1183
8858 5449 9131
1792 2851 6805
2470 4297 131
2023 536 4593
9447 1513 4069
9833 4966 5687
3247 5893 4984
9399 7169 4801
5767 434 6933
6331 5891 3665
5608 9377 5823
1343 5071 7318
9029 1211 4425
6874 4915 6791
2713 6777 6751
1441 9477 3067
8239 9875 1534
7766 7087 6389
1793 4375 7241
6103 1319 6990
6945 673 8483
1835 7053 392
7937 4328 3593
1313 9322 547
6098 6005 6209
3465 5974 3499
8373 6929 3275
3373 1944 5827
6181 2589 9923
2897 1952 8063
8343 856 6851
4092 4967 6839
1547 9769 9922
3143 4658 9295
1397 8894 5301
2558 2861 1459
6645 5926 143
6437 5029 1377
3174 7397 799
4449 1420 9229
2947 3785 8037
4729 3067 9313
9353 1285 4394
6151 3763 8896
5447 2216 249
9714 4783 1627
3361 4271 8879
4271 3129 1906
5346 437 4319
3141 1136 6839
983 4327 5383
8437 6581 2702
7071 8119 7342
7941 4604 4451
3736 5231 7449
8141 6283 6570
6073 3417 1801
5233 1177 3711
1743 535 9697
2191 8935 1783
2441 7755 2923
6127 7415 2566
8423 337 1880
7877 8578 3483
5623 1163 1169
8752 931 9185
2666 875 7857
2367 1021 4975
139 761 8240
9657 1150 1841
8885 5022 3071
9635 2806 9789
5710 9009 5879
8419 1433 4387
789 6475 9388
7397 8764 6075
9751 7095 9827
3373 5761 5547
7083 9506 5725
7582 2411 2461
6931 8093 3560
8853 2819 8036
1594 4497 2389
3935 2593 7472
657 4813 1811
2299 6526 6385
3627 2467 8449
5700 6811 4631
3627 2423 1684
3640 6547 6939
2539 241 144
7287 7283 6770
3887 2856 9157
8625 6971 9881
955 4261 4689
557 3492 6395
8638 3481 8557
6963 9887 8186
775 6049 804
887 9303 4307
3731 1221 7376
6826 181 4987
7051 1425 8872
5441 8447 3684
5081 6396 3451
9743 4577 7302
4295 5728 8189
303 4114 6569
4299 3185 7892
6621 7244 9305
4236 8605 8473
8062 3171 5815
7045 1247 7617
2069 5879 8084
2065 6607 6571
6281 5789 1249
3771 5294 9611
5881 8507 8222
7765 4951 6326
9741 1585 8677
3799 1712 4683
6191 8020 7349
4747 9887 1105
8513 975 391
3307 3112 5801
9839 3139 9634
335 4524 1277
5109 6517 6218
1061 4460 8443
5319 9148 3805
8119 4156 1069
4097 5845 6372
2497 8414 6357
5581 3918 1775
1712 9565 9879
6252 3917 887
5545 5923 2741
9491 1599 9661
617 1842 9779
2927 2590 853
7057 4557 6422
2719 5342 3865
614 4541 1527
8243 5105 7127
1053 7271 2998
5737 4335 1534
9914 8639 5525
9915 4429 2726
2489 3441 3490
8371 8958 7595
719 2429 1798
9469 2069 3736
5591 7267 7626
9492 7339 4187
9901 7075 1956
1521 5230 9709
5272 2513 9325
9871 2235 2423
6235 4032 619
4451 3580 7059
6475 6056 9407
5715 5204 7679
1144 8839 1225
3886 5007 4451
9524 6911 2399
1066 9883 5233
1464 365 4759
2264 9123 5803
8819 6817 2418
4491 9974 3637
4947 1957 3098
6199 7731 7844
4657 9695 8034
7202 9547 9599
7267 895 6323
4882 5537 1311
4627 1661 5279
6495 8693 6104
7708 6503 5475
5012 2973 6563
1643 7914 3883
4351 3427 6914
5695 9699 9862
3382 409 319
8363 6601 6597
3971 489 6544
2961 527 5561
7211 2539 4693
4121 1030 4629
4712 241 4347
9075 2492 8791
7595 5679 8591
5083 7541 9742
1400 1483 1581
9262 9129 2503
7951 7232 7675
2929 6453 5276
3358 617 1057
1462 1357 5069
8678 9867 9697
7476 7757 2185
8979 3007 6214
135 5117 8062
1250 6763 6727
8043 6203 1798
4279 2036 9307
2912 521 2711
5719 6017 2018
2799 2897 8302
8192 1335 6851
6627 109 5111
323 9271 445
9673 9368 1915
7239 4289 2585
623 3791 6060
4631 4075 4976
9190 6043 8739
9353 387 7576
3412 907 4427
8935 1336 7107
8203 4438 1653
7209 3823 9985
3680 9619 1417
7607 5119 4725
665 8066 3709
5817 9295 7256
199 967 9812
2945 8363 4227
2855 2522 9157
9102 4463 9175
6817 9647 9788
6389 6392 9871
7663 1687 8815
5899 5335 2922
1477 3449 7650
8001 7976 1663
1506 4241 3937
5497 4414 7803
9061 5579 5478
8651 8193 1445
1853 8167 8328
6161 4105 9951
1737 2533 851
6027 6227 5036
4883 3790 6527
9055 7379 2733
2437 9269 9536
1273 6907 891
8297 2787 3731
5039 2353 7565
3036 8933 8147
9187 4051 4917
2900 9283 7239
3907 6658 5203
6829 4006 3229
4507 5364 5945
6981 5737 9142
895 4342 5383
211 7973 2665
3859 8149 6004
7363 9279 1142
6740 4883 2001
1555 3611 263
5517 5059 8285
5801 1991 5440
8615 8978 863
8903 328 9271
9297 7648 9001
9487 3343 8246
9102 9395 5263
6349 8693 4056
6881 5069 6534
1151 3737 511
9538 8459 467
6763 8831 6712
2591 401 4223
3347 6875 683
4936 7157 4839
3543 436 5461
4009 2737 5197
7725 7657 5647
3773 3417 1208
1049 8272 3975
9023 4507 9689
7355 5914 6789
527 8609 1828
8989 5946 9667
9155 9019 503
5466 8689 7355
3550 5339 441
7307 6521 1923
1901 1483 8759
941 6340 6071
7912 8843 8929
5779 1437 5974
7144 2649 8971
4991 9392 9973
8825 8192 7859
3781 1153 9924
9004 6319 8453
6539 4826 7767
3433 7682 1137
6347 2168 8913
1908 3035 9181
2997 4421 7271
4422 2393 3515
3419 3658 5607
3419 9727 5706
6269 113 6983
3501 185 3677
9376 4133 3963
3264 7985 8233
3653 8491 6520
2879 8654 9447
5665 1021 5443
5239 6099 3490
7430 5953 3329
292 7973 3985
3092 9251 2073
2599 1327 2107
6939 1499 4885
8179 1769 6560
6907 7303 3070
3846 4099 2255
8761 2712 6131
473 1108 1233
4699 8931 9757
111 8410 8623
725 331 3493
9269 846 5003
6150 9257 9931
4198 3739 8205
721 5580 3337
6991 7496 7349
2787 4871 1970
954 2041 6691
9160 3967 7949
456 3707 5827
6015 2417 6884
8737 2967 1004
8453 2619 3113
8519 8984 4133
3151 2951 8147
6653 6679 948
1993 9647 229
5437 8302 7065
5308 9801 959
902 5543 9575
3737 6473 8756
1403 3697 6199
3607 6859 3009
9671 8042 6323
8362 1759 9671
9179 7869 7186
6515 8933 1481
4028 7693 2561
9121 7895 6841
6893 5972 737
4121 8894 155
8479 8119 1989
7566 6335 6847
7710 8689 7529
4121 539 6640