1000
13 31 5
74 85 1
61 5 32
61 32 45
7 9 46
29 59 40
44 47 81
59 29 38
9 94 79
7 1 15
47 83 53
7 29 23
52 25 11
19 71 86
55 71 29
59 68 21
65 24 59
32 61 71
99 53 76
5 93 47
16 91 15
53 1 62
27 1 67
75 79 92
82 19 67
56 59 97
46 11 89
55 39 43
25 66 41
27 94 77
17 53 83
51 74 31
97 26 5
23 80 31
85 3 83
59 37 76
77 47 97
82 99 13
41 38 69
3 71 65
65 44 73
22 73 27
20 37 33
76 83 45
83 85 8
61 96 29
49 2 97
59 31 5
9 94 29
28 37 95
61 95 1
50 59 69
97 76 89
35 59 26
2 27 49
33 28 31
59 1 79
59 20 23
69 26 43
13 19 50
83 18 41
15 47 1
23 3 2
7 1 31
60 61 47
41 85 1
28 51 37
75 97 88
35 4 23
9 13 44
86 71 89
30 77 89
13 6 83
92 73 89
37 24 13
91 76 81
9 77 79
79 77 83
83 41 29
98 31 73
51 19 10
95 4 7
73 44 19
85 47 92
87 23 50
1 36 77
43 37 8
29 79 73
57 32 91
13 73 82
70 11 87
43 91 48
61 49 40
37 86 65
25 94 29
97 31 88
73 42 17
23 49 19
93 55 61
71 65 53
16 13 9
43 23 24
13 87 1
65 97 37
61 51 28
37 73 34
5 93 58
83 43 65
73 11 16
67 42 1
84 19 97
61 94 49
86 19 33
3 80 49
79 61 29
71 28 99
97 19 58
88 35 61
43 46 95
79 11 58
70 59 61
1 6 89
58 3 61
67 21 2
72 5 79
77 62 87
85 18 13
72 19 97
87 41 79
29 61 33
83 61 47
77 85 72
74 59 29
59 25 63
4 47 23
34 97 21
55 14 47
55 2 21
73 76 11
85 57 62
41 58 85
17 67 50
65 87 53
71 39 53
8 3 65
36 23 41
28 67 79
17 86 25
30 91 83
32 23 79
48 71 55
19 13 94
38 51 7
4 49 45
100 71 79
71 80 41
23 100 41
73 50 93
51 37 11
86 79 61
93 43 59
43 5 6
84 59 83
13 31 22
87 37 65
13 98 55
1 29 61
67 91 85
51 94 1
62 69 43
24 7 61
89 29 63
41 55 31
29 51 50
98 69 65
16 93 85
87 77 83
40 63 47
12 1 41
77 62 75
53 87 56
4 87 43
71 1 56
89 77 38
29 12 47
32 33 43
39 59 83
11 18 59
65 11 9
40 3 29
87 77 43
9 46 41
23 53 28
89 82 17
87 77 100
41 85 2
17 94 53
71 76 15
58 25 9
6 25 73
19 29 73
23 95 74
33 53 58
8 19 17
71 49 73
95 46 1
71 29 93
1 37 53
67 59 9
23 29 100
57 89 62
87 26 53
99 40 47
85 73 31
38 29 91
53 8 33
93 4 43
11 61 91
57 29 26
81 44 17
73 2 93
31 45 58
6 61 5
97 77 86
55 69 94
7 13 9
46 85 81
71 8 17
77 20 51
18 97 29
83 52 23
91 17 83
53 13 22
82 47 29
11 59 13
83 34 89
71 85 73
47 86 93
52 45 11
91 43 8
25 47 73
56 55 9
95 69 16
41 27 47
61 5 23
19 16 79
63 29 79
73 44 87
47 27 95
50 71 73
4 21 47
97 2 31
41 47 45
37 61 19
89 17 94
74 33 1
95 56 93
98 19 25
61 7 50
68 13 97
21 2 85
93 70 1
37 12 67
89 100 81
41 5 19
58 3 73
61 5 29
15 97 31
20 1 11
5 83 19
70 37 9
91 71 69
63 37 32
7 95 96
33 35 8
93 74 85
91 36 85
13 1 25
47 14 95
59 2 3
61 84 17
83 59 29
49 48 73
6 77 37
41 83 44
65 37 16
48 53 55
39 23 71
28 51 55
31 51 7
31 22 1
85 22 43
20 47 67
53 43 82
74 75 11
61 2 65
45 59 53
95 37 17
13 45 89
65 92 33
73 68 41
41 92 95
67 23 64
43 20 21
73 64 49
5 49 12
37 59 21
31 27 40
5 74 7
13 48 97
11 89 16
39 1 77
51 5 62
61 43 80
51 25 97
61 15 22
33 65 98
59 6 11
83 21 4
83 15 56
28 71 45
15 43 52
1 61 47
54 35 29
58 33 41
6 47 67
91 15 22
55 49 73
49 86 85
66 65 67
79 23 25
55 6 31
48 25 83
13 28 83
15 83 71
49 11 12
24 25 73
91 55 68
87 100 71
9 98 17
61 73 3
59 61 72
10 39 1
28 53 1
56 23 37
5 14 93
83 28 75
69 40 13
52 49 45
17 72 29
17 73 14
13 37 43
19 94 61
49 8 53
19 16 27
61 99 53
18 97 79
49 67 99
83 59 25
32 47 13
73 37 12
38 71 77
17 77 41
68 81 5
62 13 47
69 43 20
59 100 23
71 95 46
2 29 51
16 65 73
59 85 41
19 67 39
13 51 97
43 59 60
37 71 57
19 61 100
43 99 14
77 31 95
67 17 7
27 92 53
83 17 63
11 8 35
59 53 9
47 28 45
43 87 64
19 43 39
19 1 60
61 51 28
11 95 37
23 3 100
31 67 54
92 77 17
31 28 43
97 53 73
97 19 13
7 81 23
38 99 25
83 59 65
18 67 59
89 5 73
30 29 91
95 23 18
62 29 25
91 71 93
56 71 19
68 91 27
41 72 65
34 59 57
37 89 76
91 81 82
75 22 59
81 4 59
94 25 29
87 7 38
51 58 79
1 75 76
41 52 97
59 37 91
58 59 27
9 32 5
82 61 89
28 79 23
56 25 3
19 91 87
28 9 11
19 91 73
97 19 63
43 85 97
57 13 58
28 11 69
20 23 47
61 73 24
89 4 11
71 81 38
55 3 89
61 93 74
13 99 82
92 65 31
3 80 17
57 68 13
77 45 31
31 39 74
72 67 5
53 92 25
5 62 57
56 1 69
76 71 75
57 40 83
97 33 14
29 82 75
58 71 33
95 89 48
68 89 93
79 26 47
75 46 1
4 13 89
20 61 51
69 41 98
67 39 56
26 73 79
1 65 56
47 62 53
91 55 31
66 61 37
79 6 85
88 89 39
58 33 49
94 37 45
16 95 83
1 73 93
39 19 5
67 53 18
53 4 91
53 13 5
61 82 15
51 73 1
49 43 89
82 27 95
53 21 58
91 89 92
89 9 88
23 57 80
50 33 17
3 29 50
23 55 36
59 35 32
23 38 49
25 93 8
19 22 71
69 95 58
52 47 5
25 44 71
83 92 87
98 1 79
1 26 61
13 21 11
37 54 61
58 73 81
39 89 95
63 29 46
1 58 61
67 98 5
17 37 53
55 62 63
41 55 93
67 85 21
19 49 67
54 31 73
1 98 3
64 43 5
23 93 52
59 78 41
19 88 13
53 35 41
19 59 83
72 95 79
67 61 21
44 47 69
31 87 16
59 21 25
43 98 41
71 88 81
36 61 47
97 16 85
5 19 44
73 35 8
1 47 89
65 22 17
6 7 85
59 58 91
49 53 75
41 63 52
31 73 97
92 11 75
49 61 22
63 13 80
31 43 10
37 57 91
69 17 47
7 13 16
17 12 65
19 17 99
32 91 45
92 75 97
29 89 70
49 93 8
68 95 59
47 72 95
37 95 98
28 5 19
4 17 93
82 53 15
7 30 97
77 51 73
7 11 17
3 94 83
12 43 31
81 85 2
17 9 46
57 61 34
57 88 17
47 97 9
77 53 72
37 13 40
34 9 35
45 29 89
23 70 97
83 5 27
49 73 60
42 19 11
89 85 4
67 22 79
68 13 93
29 9 65
13 88 97
3 58 61
97 83 46
14 3 67
85 82 87
86 21 23
13 97 3
59 31 4
12 73 19
45 97 31
43 55 27
65 29 42
43 19 11
77 37 47
91 100 89
25 87 44
47 44 75
46 71 53
73 80 93
17 87 13
74 53 97
5 57 82
27 14 73
72 37 61
13 1 3
83 45 76
68 13 75
43 11 93
18 7 61
48 23 95
29 91 40
8 77 43
67 81 58
22 71 47
53 42 43
79 38 73
11 21 16
23 95 13
83 59 21
32 7 41
48 67 25
67 95 91
95 29 93
77 76 5
71 91 22
24 1 17
97 75 2
23 81 29
61 47 40
67 32 81
76 47 91
7 61 58
99 16 53
85 23 88
73 47 40
33 8 97
64 37 65
47 55 92
15 62 83
34 95 61
27 49 95
91 41 46
81 1 7
79 70 11
89 73 99
31 89 73
79 13 33
37 94 57
10 37 11
8 47 65
5 87 71
1 15 52
55 3 23
83 11 95
83 26 89
41 23 12
21 41 92
30 47 91
98 17 61
48 61 79
55 83 92
43 5 4
28 27 65
11 35 37
1 79 10
43 24 77
68 53 73
74 19 27
17 45 32
82 31 85
29 61 86
85 98 1
97 19 11
40 99 89
19 70 27
97 60 37
5 97 98
87 19 53
83 91 93
98 97 19
4 69 77
25 57 64
10 47 31
53 86 93
20 9 47
41 85 54
29 30 77
61 19 6
47 92 25
29 49 64
25 7 59
59 11 29
94 35 27
39 43 7
94 29 17
67 44 27
43 67 99
94 5 19
61 52 27
11 17 50
82 97 79
98 39 25
44 53 65
93 65 11
83 40 33
1 46 83
87 19 91
67 1 21
71 97 82
40 67 19
5 98 69
73 9 59
53 41 42
79 87 5
13 79 100
1 73 89
85 4 39
40 17 53
23 50 71
13 31 2
45 43 23
77 85 59
77 89 31
83 89 4
21 1 43
43 61 18
41 1 66
99 7 17
24 43 91
79 78 23
77 58 3
73 66 29
57 53 46
15 67 73
19 66 29
52 23 81
95 99 56
70 37 39
77 5 16
89 53 20
59 47 93
51 31 74
50 11 29
67 85 41
97 25 83
31 54 65
8 79 21
23 56 9
11 16 69
39 29 40
75 31 77
13 41 42
1 86 15
27 10 53
22 21 67
13 9 89
97 95 24
91 32 31
26 55 49
15 82 23
31 38 11
33 32 83
19 53 86
43 57 41
91 87 2
43 85 18
92 7 17
59 1 51
4 61 41
97 52 57
54 95 61
67 21 83
33 32 1
47 35 87
83 63 47
29 13 72
89 23 12
1 67 97
73 66 37
76 5 71
35 79 68
41 71 73
69 55 52
91 6 83
95 97 93
71 29 81
83 45 77
21 65 19
4 23 99
38 63 25
80 43 77
85 29 98
31 40 57
37 7 18
51 80 91
87 86 7
68 35 37
87 38 5
29 39 17
17 53 79
55 1 72
19 64 9
20 43 47
53 8 41
50 89 33
85 13 92
83 31 63
17 95 82
97 25 33
68 59 33
37 7 8
97 67 39
69 35 19
29 75 67
20 81 41
40 47 71
82 25 39
93 26 29
4 59 41
43 75 68
97 87 31
19 31 87
47 13 56
52 7 67
49 67 82
96 73 67
95 29 18
41 50 97
45 4 31
43 88 7
7 83 71
25 18 91
95 3 46
5 8 97
87 86 31
41 100 21
39 28 5
23 39 31
30 97 19
54 43 97
99 97 8
48 77 37
83 52 99
9 71 82
52 89 93
34 3 31
37 59 84
83 46 15
9 23 89
59 39 86
63 61 41
79 29 70
19 77 58
83 1 87
5 13 77
11 43 71
95 43 11
36 1 83
100 13 93
19 1 23
29 3 86
89 9 50
23 98 61
65 7 89
80 83 29
37 10 61
45 23 28
59 20 29
41 1 36
51 55 67
31 63 94
74 55 27
67 71 85
35 34 37
73 26 45
93 53 34
10 7 93
31 19 32
97 65 54
45 43 1
99 91 25
97 69 16
37 57 92
91 40 3
19 25 61
55 62 7
56 81 25
23 34 27
31 33 47
25 7 99
68 53 83
19 87 59
82 19 63
1 60 19
53 17 33
21 89 94
47 84 13
94 67 85
82 47 61
83 79 89
67 81 50
31 75 22
33 64 49
68 19 61
98 83 33
97 17 64
5 32 71
37 80 99
1 89 62
43 71 97
92 89 95
14 45 31
34 29 77
47 24 5
61 64 83
71 59 86
77 6 67
53 72 55
1 79 8
29 25 37
35 41 18
95 67 7
43 29 9
61 32 31
27 85 43
41 81 98
88 5 63
94 91 89
89 97 20
33 16 31
93 46 1
19 2 25
67 64 61
44 1 51
31 50 63
61 5 6
1 7 39
79 38 27
48 55 67
35 86 9
62 25 33
87 71 37
76 23 73
61 24 71
19 26 93
85 41 1
30 59 71
77 1 79
67 90 41
7 58 71
97 41 99
69 1 7
86 65 87
61 66 71
57 14 53
18 17 97
94 43 1
22 93 49
3 41 85
29 86 31
53 71 52
1 55 76
29 79 48
99 5 58
2 79 9
85 57 74
41 22 27
23 27 14
54 7 83
41 37 39
10 73 81
73 92 11
55 51 32
20 27 91
55 8 73
21 34 83
49 100 93
43 54 13
47 44 37
97 22 49
25 88 67
91 88 29
34 11 49
29 92 1
9 25 14
43 31 92
23 21 47
43 35 73
13 51 32
5 73 48
83 87 89
89 28 5
82 57 53
47 79 18
19 18 37
44 79 83
11 87 95
41 73 60
97 34 59
65 48 71
10 97 41
58 97 93
32 53 43
72 53 29
47 87 31
14 75 17