156
6375 14536397
6375 4416272
6375 2930953
6375 2631794
6375 638560
6375 11958559
6375 787899
6375 17543536
6375 12330967
6375 11322768
6375 18538904
6375 19217474
6375 19843480
6375 11902026
6375 1294623
6375 15453736
6375 5191862
6375 43436
6375 18074151
6375 3485473
6375 17392871
6375 6088721
6375 18784289
6375 10865067
6375 12275516
6375 9706506
6375 3579617
6375 3778647
6375 4714494
6375 12820628
6375 19113566
6375 12114261
6375 8488155
6375 1959649
6375 11120040
6375 6759394
6375 10735557
6375 13967656
6375 12011368
6375 7930342
6375 9076086
6375 12831660
6375 19111068
6375 2895037
6375 12420394
6375 12268393
6375 10826073
6375 10436187
6375 6704042
6375 896233
6375 17784030
6375 10195199
6375 13650769
6375 15263796
6375 7839398
6375 1291407
6375 12732349
6375 4220280
6375 12693255
6375 3210428
6375 5320811
6375 8853671
6375 8490224
6375 6605820
6375 15716135
6375 7539282
6375 6230640
6375 1679652
6375 10834657
6375 17125285
6375 0
6375 17349081
6375 637730
6375 1282866
6375 5303338
6375 15511618
6375 10695892
6375 441492
6375 19430058
6375 18666319
6375 15622239
6375 18610736
6375 4440675
6375 13183041
6375 5547493
6375 8522510
6375 19853803
6375 12749161
6375 12579544
6375 2009331
6375 15511238
6375 7077430
6375 4615008
6375 11761430
6375 4107057
6375 2761474
6375 135662
6375 20317125
6375 17198622
6375 16033353
6375 10636141
6375 3097076
6375 11882933
6375 9176149
6375 7614507
6375 7603351
6375 19649011
6375 4185672
6375 4162745
6375 12591803
6375 18934748
6375 10307754
6375 10372493
6375 19387490
6375 7101030
6375 2246158
6375 6817570
6375 14555151
6375 18228331
6375 2262839
6375 5040800
6375 2734286
6375 494164
6375 11890269
6375 6283130
6375 10230335
6375 8485997
6375 15438548
6375 737326
6375 68322
6375 1393566
6375 16808682
6375 8235482
6375 6519470
6375 5660547
6375 10029129
6375 16423345
6375 2128151
6375 141393
6375 13933495
6375 8014511
6375 9846323
6375 10096468
6375 689298
6375 20166666
6375 11722830
6375 1000000000
6375 18513076
6375 20223229
6375 14802752
6375 19066293
6375 5648195
6375 15156579
6375 4973583
6375 17239442
6375 109903522